0.12918216179675268
0.14172086524362082
0.4193896671415648
0.8289804477919902
0.05319484799141028
0.7413765046821433
0.6742605659068965
0.7473233415694643
0.9541278382219672
0.42151922126048325
0.031175562317266814
0.6984156883693027
0.6478240138572045
0.5419550467250652
0.138129268844164
0.37610410250603865
0.19875458859863093
0.621665613438463
0.05736701561135005
0.21401550083770104
0.6799808900013499
0.7669824100243756
0.8040578300944214
0.8352163964872494
0.8042732031301868
0.682382443760623
0.0693076455791547
0.8186234742297692
0.19439518776832643
0.7337769824631164
0.9533679776810478
0.531726086939117
0.3342811644745687
0.6501745069101603
0.6692207306476577
0.6971201892501728
0.32420613067198356
0.8953969083548614
0.6592484108496501
0.7095582933368179
0.1532329033724893
0.5466150064458406
0.43010467106899586
0.9248413035002313
0.13715644187804787
0.09623958404808342
0.3348173131289386
0.14480905047851367
0.3147088512510581
0.15361805578701282
0.8736571878582702
0.614219126699128
0.6145248097298566
0.30371297488621596
0.8165652983806654
0.06073060958140086
0.7709298145888928
0.8601888292141096
0.13648686372039753
0.8075967388892846
0.4188011282634738
0.2470709821199446
0.31009959383840446
0.25012295406675067
0.561611510934252
0.3272612946977719
0.12159451927018639
0.45097313375680226
0.655933481358926
0.3269363879769148
0.6313849327234206
0.36060592425288707
0.6787424052893314
0.15812575095874581
0.48473616649458184
0.47764093282011444
0.07147085944410014
0.3988672061660059
0.1744353630762896
0.061099656758199616
0.2906916348045595
0.3723177389497163
0.016315605123927268
0.9142477848364348
0.05937769733911702
0.18725647244640664
0.269805254355049
0.35423107441264146
0.5064379417260344
0.6180918104765158
0.6789049072797773
0.35706157743077616
0.1286728737784243
0.7560339874451621
0.6706224769392054
0.5379615374814855
0.005198613458081369
0.14384155495754658
0.32675986553324354
0.9535476861432008
0.35936751972094616
0.30252475914139954
0.19939517359896675
0.012259698061701463
0.39577669792621983
0.9471561747136161
0.24902957719330343
0.9793921883070327
0.006615933073388036
0.8998500389428966
0.8624193876572639
0.9479901632844697
0.5296533806043386
0.7370173260909149
0.4138996970002885
0.029179157076505757
0.10793668604859585
0.774233569191755
0.3188473942384633
0.28190346698082114
0.9658943433706787
0.8136132543573851
0.6335708462430093
0.5305615999238474
0.8119737297569214
0.131293394348432
0.7008409928463626
0.06827145923423183
0.15004587592723795
0.5267840110681814
0.9373256085777196
0.14596772128197555
0.4835125166743278
0.03597804026508844
0.6517668211663055
0.6949437840844731
0.2934525638876373
0.7068909864251666
0.6390297406482649
0.19890468910968873
0.5530066656778642
0.7086039690852314
0.20161633338244633
0.7859019971452846
0.1816255674899343
0.9604161432071068
0.2419785722976031
0.9292549937678769
0.3410177201764184
0.6554451216439777
0.5547101609374069
0.315383325240019
0.9534539810050555
0.4716180553232664
0.34101261543043915
0.4346551215050285
0.19651743044873382
0.6256586299110908
0.6068187917183834
0.0866455436028074
0.871495593538106
0.638806326234815
0.8459499725784272
0.5563970477930993
0.6551918058183467
0.058576073694942665
0.19936705763546303
0.7092045404934167
0.799084709837444
0.9266205518472924
0.4988691282357167
0.9659995986680534
0.6645709667018803
0.7231294471122911
0.3280659025033966
0.48160399148597266
0.35780118997476573
0.6625205261006266
0.9981816747199548
0.3720374048188777
0.09433184349738977
0.5562115420694103
0.9219490715078045
0.8562864641618074
0.5450191787551918
0.40412026827381187
0.07367241362401711
0.4109623255678737
0.9860503323455913
0.35633929442482215
0.3418337166600749
0.38873389765627175
0.6452000158744955
0.1590861673942845
0.4578823911286972
0.5113987474967644
0.4299068967609997
0.7023515090548247
0.5720840626151026
0.922082577090207
